NO2:
  best_r2: 0.6759400075611867
  best_rmse: 0.02022596626508346
  n_reservoir: 100
  sparsity: 0.1
  spectral_radius: 0.9
PM10:
  best_r2: 0.9780863680388598
  best_rmse: 0.005902684505574226
  n_reservoir: 100
  sparsity: 0.3
  spectral_radius: 0.9
PM2.5:
  best_r2: 0.7295684815743736
  best_rmse: 0.00405988851981661
  n_reservoir: 100
  sparsity: 0.1
  spectral_radius: 0.9
